45954
48668
77800
58319
2184136
45949
1211956
61343
195461
195460
195458
195455
195453
195446
195441
195410
195409
195408
195341
628027
9606
2733052
2718615
2559279
138984
197152
27706
489037
1069815
8869
173500
7936
238666
101364
7957
1752860
217509
369639
1203005
211488
678551
94993
490724
9121
96932
31330
535712
529884
1884634
1884916
2184135
1857531
195454
195445
195442
195407
195405
195397
195396
7938
2570877
270329
195082
345573
232537
507835
7937
2033720
77133
145527
678550
657187
693490
192233
331102
1884915
229600
195444
195450
195447
1450408
529889
529892
192231
1118975
145923
507834
126254
340019
1884913
1884904
1848255
8839
75854
75865
9031
35669
8912
28681
179809
37036
118194
878252
1884905
1884914
1884907
1848754
1848756
52617
678552
211491
138676
1789051
85424
569425
156758
555253
1003837
81903
126713
529895
127828
573600
195443
1671881
225391
225392
225393
225394
1483116
1483094
1450144
541010
48165
6052
1220728
763460
8284
98386
225061
2499157
1985938
110926
555254
7962
1987356
86963
219595
8868
89387
179808
2583822
2480625
643316
643419
381627
2653860
529894
446309
8843
8845
184919
8846
132587
50365
471249
75839
9123
1855377
150123
670052
1192867
328044
58325
147949
225060
1604540
33013
1874630
31963
2614638
1978566
1097677
443906
7940
8853
28680
8838
75844
1450197
2220095
33014
370764
412690
328046
126679
127833
70739
155063
446308
48164
1756094
30991
395014
86962
86961
2079575
708131
2603598
2268461
2508880
82380
1938334
1811300
1811298
1811295
1811288
1811279
75838
216816
1679
1682
1300227
1035817
565040
565042
890402
155900
722911
205913
1132478
37050
1804990
1072463
2048898
104336
1446794
1916917
84292
1811304
1696072
31964
263744
48163
206672
2079791
1795630
1811303
1811296
1811284
1811282
399736
1848755
192226
75861
56278
69811
1343904
329966
61127
2585717
2592654
2080742
1575
2079792
59736
281090
674079
1811291
1811283
2724914
2714935
1526412
2614639
2541726
2483401
684552
1407129
2603292
302453
1798216
1798220
1798223
1798219
1798222
1798221
1798217
1671680
2606451
2070348
2509455
1935379
2014534
2103230
2058657
162426
36805
300019
199592
912630
1811301
1811299
1811294
1811293
1811289
1811287
1811286
1811285
1811281
1811280
1795053
1389489
7176
2070347
367477
2609257
2609253
110937
59737
1328866
7939
103203
155073
155074
529887
453304
2567934
2609254
2609258
2419774
1784719
33887
273677
33888
1811327
2509458
2282656
1619308
2714933
2609255
2609252
1985458
1450405
391904
83851
882799
289074
1333964
6055
1415635
86964
2709802
1221223
1970159
1859602
1045198
630221
643332
1827350
1548121
1045269
1628817
1221224
1610701
1211648
1414750
749190
749191
1045278
381599
743009
1714373
2714934
2683590
2599293
2498704
589382
542378
542468
145458
101839
2044564
1245217
75485
379085
101899
155067
340988
681720
2592652
2735133
279828
542543
394683
219594
30385
2653404
369635
1745989
1859603
1223348
77798
1297001
1792849
98390
58317
1906742
129882
28800
936337
2489212
904291
1811302
1811297
1811292
1811290
542467
175797
2033
979556
30387
1905847
8855
219593
8832
369678
77801
1926311
369640
101877
52619
101879
129883
643423
86924
394299
999357
2714931
2419771
1159327
759350
1904544
1904540
8880
471254
192232
2654191
1219349
357532
2283097
198733
319321
263549
1545827
2729175
1179673
1288636
1194616
370357
320600
643425
54556
86918
379088
268249
2585135
98928
283771
283765
67556
407093
1332188
192234
457828
1450201
127832
1663762
1663761
419479
2282738
1708
2003551
590998
2591145
2566013
1711
446466
1859
326424
1855
138532
2070337
69373
1793722
1561023
31965
2714941
1658671
126205
1904545
1904537
887878
1504020
1396441
369631
1204390
327704
203117
76058
295400
198734
471577
999358
307941
1446309
327695
327697
2161728
765333
263551
643353
75362
263525
327692
343525
979681
369623
1798224
2717324
2705439
193462
52620
291815
563156
108514
2714937
1078471
2594265
60920
653045
68245
446469
461120
101878
2613872
38527
291790
201694
1302308
1961713
47763
1855352
749414
67352
2704467
1813880
38310
443156
1425164
2731680
2587808
1710
2283195
1980001
1933880
298653
622374
904039
2675754
92644
68175
1495638
1038929
75293
1841249
68280
2590774
994863
1450202
108028
643444
84645
1870917
1870916
643365
683832
75360
227275
2033369
670200
866009
369648
369634
643462
400006
36786
381635
177615
72446
2448810
643439
643421
182801
385970
40831
210633
329116
70551
117142
1206574
137031
370369
369668
343527
327708
327696
172905
1080310
1396440
529897
1450196
192230
380120
1771404
408673
98388
71183
1276898
85566
270332
283764
870499
58321
2565560
2565561
2676871
33899
2184053
316280
1882757
11
593907
2717699
375757
53358
999183
710696
1775880
37929
256701
861360
1123251
2507582
284034
68570
1912
340345
1434306
576784
455432
2697569
2600159
2578107
2590785
2590775
2575374
2079227
1357915
728066
1849032
1811254
121292
1588021
361575
85085
290399
930171
452863
1985460
8182
67295
2572087
2721245
58346
2483799
2202000
1938841
105420
105422
105425
1195820
55837
2018025
332582
1027347
1443893
1443894
1051973
1653479
1564114
1890
1977088
2306165
1908
1690221
2174846
1661694
1172567
38300
90079
1884
66872
67362
1306178
186189
446471
2508882
2047
1661
408015
1435056
59561
31959
2593973
2589797
312286
1155384
542430
887918
172907
1906136
1504028
643356
932675
370360
369625
307959
209199
1592896
887917
295399
45639
2072503
670348
1888
2175864
68179
1914992
2005885
1863
1851167
1940
553510
316284
1262452
84757
66431
67363
55404
471853
36791
58323
1217998
1001915
1711722
464755
933992
857721
1080294
1323362
385971
713059
317925
201688
335926
236538
77799
2722751
752545
109666
219677
1663771
1663769
1663767
100828
953739
502138
762948
201692
201699
1421017
1927
83291
83656
2585716
28894
2420135
67263
2099584
2099583
1736046
1827580
2135430
68202
1303692
1265601
1169025
67343
284036
67338
67296
1892
66869
1911
591167
455632
94623
2509457
2509459
767452
1748
1171373
106370
1824
228602
2692234
1967
54571
43767
2506427
1275
1906
66425
1571833
67258
1616117
1837283
68173
1935
1805827
1642299
1649184
37330
1415166
66894
67351
685727
2565366
1646
1618207
43663
288705
290340
28689
529890
320596
320594
55715
1282737
192228
2684468
1905
58340
67367
2719588
66871
1270
1049583
465515
132473
2599401
2203205
2072505
1907
1909
67298
863239
162496
2057246
1652545
1690248
1461584
274647
1833
1829
1725
334542
1528099
103816
2567884
2490853
1702043
1500843
1570939
935199
1435356
1476754
2692235
1830
1133546
1886
188770
312285
565560
67267
211114
42239
1758689
446860
206662
43675
2020486
1806905
1771959
1118963
680646
2613875
564076
86943
85568
380123
109273
270327
2213200
135487
37329
1127134
981369
58351
247156
271779
1223350
1223349
67260
2588708
2094021
2721246
2721243
2594453
2594460
2594461
2594462
2594463
2594459
2594457
2594455
2594456
2594458
2594454
1811305
2662397
67345
285570
67304
67305
2548456
2203204
68203
1077946
1437453
477245
862751
67299
52258
195801
33898
1932
1195813
2126346
66896
263743
1663770
1663766
2663121
1990687
1653478
2654547
2171623
2041
152507
2059875
33011
1736691
1195818
58352
126332
2054902
72000
1727214
1807790
1045808
1723645
1289591
860235
1136179
2039
234621
378753
54064
203267
218496
37928
1047172
2059884
235985
257285
58347
445930
149017
67554
232992
86923
155060
86932
86940
181607
210129
225390
236539
86928
471255
2044566
2613873
886298
219681
249586
1887
1969
68270
1960
36818
1522758
646637
1915
1893
1984801
1812480
68249
262776
2594007
37919
543736
132919
632772
101510
2061
57704
521096
1179670
1750
141464
545619
201697
575557
209166
2597659
656366
1704044
1494608
2716812
13353
201695
228251
320597
320601
89154
1200352
195392
48665
2203210
131112
1586287
444103
58350
2064
83382
9252
2650569
1450199
1938150
192227
246752
1792
1355015
108486
1451189
2662261
2496867
1663774
1663773
1081901
2722825
2420509
2382165
679318
1033922
191292
1223351
703418
86916
1663768
1727
858619
254296
86920
545162
86938
86926
238031
332172
77803
151740
1907575
1894
1882833
2066
88075
88074
2065
452652
298654
870488
263868
644345
1347769
2012678
310914
1619070
139208
67382
743718
2714844
1978917
2686304
2499145
2496836
1535768
465541
285569
58343
97398
217026
390330
201696
334896
228250
1313172
1300344
279960
342690
258224
662755
262209
103721
42197
2001
40567
479432
446462
36790
2653200
1737425
68209
68214
1849967
1214101
436498
520989
232989
51132
270331
234612
47716
33010
1653480
43357
1449976
1109743
59505
264545
28794
364079
364078
1756417
2570537
285706
2613874
181614
98646
152549
171871
270330
638515
1904547
1904546
1904536
1904549
1904548
1904543
1904541
1081900
1904538
1904535
507821
1294405
192229
2487892
182640
479435
195391
2676309
2603206
2582905
2483798
84096
1903186
857417
675864
103731
43669
1179773
411235
446465
152546
171872
1835329
1904532
1168712
1663765
8228
1188029
274469
334889
1003779
71677
358392
1294404
2696687
2696686
1920015
320603
320598
2572088
2572089
1476577
1394711
1904308
1170318
1195817
1404245
2726118
73044
2305220
1442032
1972846
68223
1964449
37332
39478
1926
1751294
264445
311982
1203460
1133850
68282
185689
1930
2592334
1610493
127834
1292359
2055
2698900
2054
2662361
103733
556288
1004901
1331682
1737359
36822
2017485
1408189
337191
405782
526226
304895
479433
1520954
450203
33536
13477
1354275
2570534
2570533
2570538
33539
507367
1286311
75372
1286312
1769458
194366
194365
1001925
13095
1471755
263419
61318
86934
319226
13662
1795
370526
1570328
700508
1821625
100226
1901
33903
2083284
2049881
1881022
1465724
28792
933219
1001936
67539
328535
194548
76930
13106
28264
402297
2211210
644284
1437874
238065
1960914
1456942
1051620
443692
316137
8226
215345
45783
37326
1904534
1904539
1904542
1783515
1725411
67377
1685
518634
936351
1385942
1385941
1385940
1385939
1385938
866777
33584
1791
1682113
1766
1273687
624315
1076124
1823
703222
1811275
388357
1689
1150423
401473
546160
712270
1663772
1663763
490726
255571
1068978
31908
286774
127831
1450406
2653982
320602
1938604
2108152
7965
291816
70541
86930
219678
887478
1190630
1190627
201701
97165
2696691
2696690
2696689
2696688
2696685
2696684
2696683
2695266
457428
36814
710685
1150993
60182
152548
171873
225757
358388
2736640
43771
1267754
504474
912801
2052657
54492
261200
163143
1163486
163144
8238
8241
8237
8235
8236
8240
1154654
749482
48169
82901
548269
1146995
82893
1680611
1260386
76931
152013
2575373
2202249
1521165
43311
146017
2675524
1431246
85693
39695
216929
1775
1879023
164757
189918
164756
1483033
2570536
27704
572045
1604535
1590809
516810
61263
56069
1681
1207542
500634
484020
702459
883062
1683
518635
1389713
117567
126673
1249101
1310349
1036282
1904576
1001922
444854
1904574
1904568
1904565
767029
75356
1698368
564176
71757
67541
911166
67277
66424
571913
1904567
195081
76932
2500546
2017484
1274
1663764
680198
390327
270328
181464
9233
156759
1914395
45398
284027
758802
1936029
350058
1195821
1545728
1804
278137
350054
990599
48168
8227
342446
768496
1260385
320457
507566
184447
428429
8242
274805
1256590
1046066
1483031
2382306
53458
28702
118793
187108
388734
348818
2714938
2582831
2571029
2045452
146923
1889
227882
278992
362257
2675523
67081
227233
146625
87717
36718
2487344
246196
1214915
482462
134601
1772
78344
1794
205083
2650570
172912
245975
1758748
143615
643379
381631
566552
1774
1771
1431546
231620
152547
1190628
195079
596146
343538
2060514
1204407
255468
2489595
2152713
2152711
2152705
380122
57843
75036
1608693
38289
306537
1904569
1904566
1168718
261959
185586
1405428
28049
351607
2593319
75042
396789
13537
556325
1525740
126167
8924
1799
2051552
1920667
76929
334945
1260383
1443077
36809
1793
39692
1962118
1185650
1578165
83262
319705
1132508
1001714
1198627
1303024
561007
39688
1680
547043
1447716
28026
2382303
28687
37055
933931
1483035
1483032
435243
54020
28701
1394518
1798018
471862
444850
33578
100225
138336
369664
126865
1547487
1776
1138871
367928
745323
195080
1948882
263537
75348
263515
361645
999360
334711
444597
44010
212765
39689
53462
404941
1091046
1778
212767
630129
1150460
30457
796398
1168689
360424
9234
261967
1294515
592172
1150994
135631
191579
755732
396787
188375
79626
100858
371915
37042
427924
135766
39691
156760
9240
33587
1294522
1118577
245877
161683
9209
56262
36813
2099321
2480908
1520670
1460372
1561223
2152706
2152712
1904529
54023
46550
28685
507597
28699
227228
37046
371920
201690
1311505
28710
28693
13746
143297
2544870
2545936
2544875
1347361
1190629
334885
225758
216359
1534349
1534348
701042
1785
54496
1150670
1190632
93621
575559
1680631
257889
349654
97162
428443
39694
2587868
328950
2558235
187124
1543966
2664374
126169
1520953
189839
33616
54363
548806
115654
1543967
171266
2382286
2382274
365578
54356
57240
28686
555356
161676
126356
8932
1904531
1389457
1904503
1687
1341694
28047
59813
1041522
84595
1112204
9217
259913
425641
28706
227177
227231
435638
33905
1552759
1904590
1168700
526644
2382276
365581
114506
240205
28694
161682
152550
439892
28708
444849
37051
1680834
35657
685904
1260382
8230
1099869
1260384
257887
319777
79643
1795448
1150461
1447705
2170745
1911175
1896961
129921
31958
208439
319706
710421
560555
1294531
53376
722731
1202450
1136941
2382304
2382300
238651
239256
192879
127835
380098
2717061
345251
2057153
37085
337678
33538
257867
50392
1630616
444149
887049
57236
1640863
2382252
238655
2382250
2382249
1904602
279953
108405
54021
8901
433633
171271
419015
327405
365580
1312660
337761
319707
248215
1521163
1775098
507838
507823
297819
395889
118788
328520
380102
1312673
1312458
40819
43307
444848
302531
1758121
1650658
411009
1904589
1904587
1168624
175796
59899
1594786
13013
1630651
909842
9238
8851
656831
1168702
1168703
1168701
37081
1109024
870970
915434
187106
262126
444140
187133
2613971
1437594
1684
1147128
44454
439334
1764
1770
1229671
1199187
243243
262316
507809
177147
37080
547198
2478892
9125
1429435
1150662
115703
796401
162324
187118
471139
96890
185642
29314
43348
1069220
1286181
1118379
1286180
1788
33895
470076
292462
141349
499555
141395
79627
37083
345258
227182
188379
458089
107377
198806
629680
33537
667381
195085
128390
50402
172684
30415
46542
507598
100826
686279
678544
1503330
82892
390352
2107713
114503
1769
1008298
561304
1767
2696703
2696699
127869
238643
238645
1828414
323806
33541
322707
371922
52777
240204
425635
64667
187111
2492438
1768
557599
875328
220927
1190631
1150219
1227137
337540
1739089
171275
225398
227236
57658
1703
273384
1294538
37043
1294520
1904599
1904551
1904559
1168690
2152709
2152708
1450198
1164002
2702
553190
911161
84621
92683
1150654
1294518
223781
52410
8962
33581
187130
525909
1904533
1904530
214820
1775061
1389459
1904514
1904562
126199
1904523
1904512
507849
28025
302911
1316911
1167629
1281781
1075106
742729
1168290
1042403
573236
552531
555970
580050
442563
131568
266940
82899
2382299
1447715
369484
2717063
2717088
9118
2200831
54493
1118511
1118830
47245
796402
40318
116188
1797
1138383
1784
222805
53461
1232724
1138382
487521
479431
1904591
1904593
1904592
1168626
257057
1312548
365583
402706
8164
315492
2094119
1122247
590652
386911
139021
1783
329954
30390
54971
37064
8919
2725563
2697565
1496080
459858
1663760
86679
1053609
1110592
91856
2721244
199591
2184581
171277
188373
391622
272047
190659
119608
458195
585528
1009464
525284
2662065
1916
596145
337692
909845
1498490
78879
238601
53635
335483
261961
261960
227175
240209
56068
223777
1410605
638471
1168623
237664
1312668
1312656
665577
1079985
1487956
1150468
529886
529891
279954
925459
70275
475967
1150672
1294523
476787
1904526
1904513
1904519
1904516
126239
146480
184215
1266862
146078
2211357
656830
30414
193005
8961
1524889
115648
1300347
98288
1450200
380099
2382275
1904517
1904496
1904501
1904498
1904497
1904495
1904494
126240
1904492
476667
1904560
2588707
1928
2109593
2563602
2305221
2153485
1561022
1214242
1736674
542388
302912
703613
392764
50250
296133
48279
1977160
796403
504887
337723
796022
238676
1312457
310915
245701
302770
35760
1694
127837
342747
126066
39274
1904525
1904588
1897921
126243
410948
411011
507811
1904597
126237
1904558
1904555
1904524
1904515
1904521
1904508
558808
1081946
229376
743022
507841
864564
92688
56345
110668
187382
372326
1481669
52775
54366
37039
337735
796020
796021
13323
740692
75026
82895
396692
478219
183147
10195
2448458
89386
187121
2697563
1136497
85097
126241
1904556
451485
451470
1312463
323809
1312726
1234273
1867945
1610892
568893
1604542
1450412
127838
127830
542480
1811276
71999
1588023
2080739
8928
37087
54060
54056
240201
317791
1756204
171870
1312669
238565
561366
337641
390428
1080462
2721173
2692233
1904616
2057808
1798225
1622118
1752
1744
66712
754252
2382295
333427
2024259
2024258
2024257
2024256
2027857
2294119
2162713
317792
8959
115700
2382302
2077242
126207
1168710
342746
1168622
476668
252784
302527
570979
54499
391723
585464
56258
214438
1769426
642921
1312671
1367108
1904520
1469374
1003797
195073
665152
242120
54025
103947
48617
439704
555302
1294533
796400
230730
307641
796399
1171711
227184
796397
1705426
1691987
254391
300304
8167
1003974
8168
175444
283035
2069432
2529032
2058137
1336804
754409
1892335
1263793
195084
201691
8001
742453
1312460
390468
390314
255458
316150
57069
2558236
175010
302525
36245
89385
2584122
1936081
488074
1904527
126220
1168720
126247
1904499
1904493
411015
507810
126201
192235
175792
78880
316143
316144
93934
272050
171270
390973
118205
322584
507857
2077241
237668
1775068
1081899
1168614
930729
410891
1646266
1646265
1081947
476805
662045
212695
1190633
990617
1285427
1504027
337739
1577052
1080457
156983
337637
46478
670352
585466
50400
2604440
161742
100821
155086
507599
696492
28116
1379690
1168616
126236
1903372
1904563
1904522
229379
507865
447884
70394
12921
507827
1050174
43579
33608
279959
54361
547194
183142
2715212
2686366
639310
983544
1529069
996801
1896175
174711
542440
542433
542410
542417
2602769
2172098
2382251
334892
382508
36243
1294516
54501
391712
1207001
254453
126711
322596
257707
192880
192237
96345
1784713
754423
1594726
448029
1577494
369483
665151
307441
177155
9111
43455
252785
36248
479978
2201999
47850
2039870
299152
477641
648999
2051
644283
548479
47678
2077230
1168569
1168567
189343
1904511
85418
1769046
316138
173862
68252
371601
1006
643867
542414
542424
9091
98299
1450195
192224
192223
127839
127829
870221
517775
887050
40816
227226
2572594
2049305
2109943
2109944
1486034
2686361
2358479
1312072
1855336
313598
1168566
189344
1168646
1312461
238561
1193064
175793
345744
192207
238056
2201181
2570561
2058135
754397
183148
433634
73107
396893
238560
2676012
45971
229377
126203
318823
1168620
126217
126213
1904557
1407389
333453
213669
187135
176066
267427
9032
8797
390377
444851
43308
28696
100822
283034
47865
261654
1146883
1336794
30399
126884
9050
529893
98306
2077231
1168642
1904502
126173
476777
126197
1904561
1904518
1904510
1389455
476689
1168648
1592954
213674
2518371
818
226186
507600
54508
118786
1621551
433667
228252
1003110
263358
2686365
2594004
754417
2719911
1218801
104268
319236
1774273
97097
8996
8795
1146955
1312662
2507538
2518177
1678728
1454006
358068
476773
1904586
1168625
1168619
507851
70389
70392
70393
229393
192238
2282170
55661
161739
1168568
1407341
2382289
157064
1861
526225
1705
270564
1914393
2527907
447870
213673
1914461
47854
2094025
1294526
1663752
1663749
2696698
2696697
2696695
2696694
2696693
192236
1985461
2663857
2716227
2597660
356852
47857
47858
285665
47872
356851
29303
1003195
702745
411057
507815
2077252
117206
391720
8231
372805
406532
82795
1803846
1871037
1936080
1850252
1850246
1476901
542438
542405
451462
239
1452724
1452725
402612
935222
2547394
996
1454201
1041826
1218111
2496866
1401325
28251
867902
208526
208524
400035
405000
9033
208525
109044
475776
238049
411060
411063
453230
644282
529896
192225
98296
1617283
84397
126871
589706
56313
116992
9049
1934185
433668
433669
327816
2675222
2583243
331648
2077267
507855
476680
1904506
1904505
869458
218798
214812
1443078
119488
100859
256038
393706
171406
325463
2719023
2712223
546874
546871
291594
168695
369723
57029
313595
101385
746697
2152710
2152707
1222194
152466
1450194
127870
380101
709883
2478552
1179672
2249356
1168715
1168621
476779
1389461
638516
183144
1294525
270333
1336802
269799
192211
9034
225761
406536
1670831
2739062
986
2585771
2058175
318820
488044
320892
257048
451468
1830228
1319510
285473
8801
406531
215396
225760
175429
136857
2714927
1663755
1663753
320595
171866
1641402
1250295
1347342
1014
1300343
865938
254766
123849
123848
333462
6967
126256
121423
262124
1206065
175131
1316015
425520
274734
76832
480520
1583100
1336795
1796613
2686363
1407176
215401
172042
1663754
1663751
1437605
683124
1355330
1763534
1492737
312277
1094466
256
28118
584609
669041
709991
57865
67777
30392
1906756
50251
142658
30407
9059
274724
1985459
529888
1168678
1663744
2183896
376686
1336796
398743
655815
219679
321100
358387
260524
1223551
92439
879498
283036
328906
142660
143294
1697
1285583
2714926
1197290
2020377
192213
215386
1002181
120455
192239
34034
1307832
817
1249933
2077243
2077269
1168664
257045
558812
1036287
1168617
197113
126227
237662
171269
8897
112728
182665
329008
1458492
328515
592029
254575
1909732
123842
175437
55197
1034807
1703343
1790137
318827
2584734
1080975
1904596
1904595
1168665
1168634
410890
126252
126229
104777
156764
181119
188376
1262610
98311
2696696
2696702
2696692
1316596
2719912
487010
152538
1970743
175428
2024255
1784714
210844
125074
1094198
8951
1904578
1168728
2042712
181466
1051621
319749
2173169
313590
983548
575653
107401
1349785
57837
428441
2653983
1707961
1450407
2600320
391700
98123
98144
1663758
1663756
1307833
28112
203275
2175091
2058136
399497
1332264
37040
1154619
1938148
447868
333445
1405654
252307
313596
459526
2494375
334912
210850
86942
8934
459761
752197
1215352
1306519
371914
542392
2493714
1663750
56720
225387
210855
1904504
1168571
447857
447861
451498
1663748
1407238
575211
345747
1586389
1018
521097
1701353
357276
862962
272559
295405
1415657
1195809
129077
238058
688270
1714860
1714848
754429
1267423
183141
369970
391722
254528
28188
860228
1407143
126218
1407224
879712
1891644
286802
640132
1133849
8971
2026729
1937951
1450409
874461
28113
329854
34085
417934
1550065
303729
1938331
411067
1705617
2126553
1729720
143223
290053
693979
253245
1195843
1195831
1195811
1195810
926562
54570
1499462
369669
130045
130047
129074
203340
163115
2608253
1714849
2058134
1945892
119981
1520955
1663759
1663757
476660
1407402
2696701
2696700
1450411
331103
175852
2583851
1003843
433628
147466
152541
1405646
129035
152551
8204
531844
823
435591
2025876
1354240
1228997
693978
100469
143298
309678
926551
421525
246787
147464
411056
1663747
1663746
129078
452760
584774
1019
820
242600
710990
400100
1938149
86922
107231
869928
165444
409288
343929
135179
689215
862791
2528203
2698672
111501
886377
316068
649349
1877
307121
329007
329002
2077259
1775087
2077270
45243
1470176
1612551
1612552
1199090
183143
573593
90988
1156089
204736
192378
879502
2547600
1241979
266749
1455062
1271752
992406
329000
1663739
2717116
28189
247
8939
152553
2292159
2708117
979
867900
2585500
67547
1046058
2567881
2567883
666472
1825821
37075
477937
2033844
134676
196914
1246995
47866
1869
2686362
1195816
2039166
913239
1001947
263867
56304
444144
188382
2136401
2594269
2487073
511435
1407178
1407367
1168627
1663745
1898245
332607
2528243
1176411
1871047
536441
985
821
435590
269798
246
254
2478663
558152
768505
358819
391715
757453
862675
391728
107224
47692
2598134
316104
36269
46689
181099
142472
125863
1977158
1552236
1881
299146
360427
1904598
1904594
649831
1483072
1348584
1348585
313603
232996
126321
1108806
59894
1293958
321089
68468
73323
507982
507980
507981
227192
107226
2024580
651561
1721091
878220
504270
1195837
1195835
1195833
195077
129076
130046
622398
54337
2529409
2683048
328905
44742
1848904
1017
1493872
2487065
2497456
2015076
1685010
152539
119740
152542
129063
433688
70549
118783
320702
477934
54567
1316593
28119
511995
542387
98301
263422
112509
457423
113562
1866
512565
2656760
1250231
1250205
411153
411154
710992
70546
175139
208451
156154
1155471
1155468
114083
1986146
65555
1167006
1945658
1836467
1717717
1938329
1938328
316142
168697
28123
879243
266748
112234
1265445
1156433
69510
230656
391716
693028
862676
862674
391726
391702
1763895
40817
56292
380510
1824965
872316
35554
1340425
345632
28232
243231
663917
1324352
253
2713414
1813611
250
443721
303235
28797
156708
309566
1068660
391696
160652
63517
1795355
9117
1445850
1445849
1445817
2656761
616991
393921
1229726
1405648
914118
129106
380167
107233
176938
504069
497056
107222
2715232
1562970
1945657
35622
588899
1684969
129068
349652
497160
47308
328939
207171
75974
117157
396694
12930
879887
238059
1552745
37927
1663743
1663740
195076
277993
862797
229060
478964
183653
1003719
225755
368946
1611628
327575
712710
36874
2487064
478618
40818
1469373
1146954
2500547
131310
445576
3133
2856
119041
98921
176188
433686
303748
277992
478957
316141
1663742
600809
337178
158049
1644130
1250153
2487072
569024
666461
380520
879888
2074
2518370
1804624
433392
320565
175015
1852
471857
276763
466049
329638
52389
529014
170903
1658053
380515
569019
1405635
129079
2545799
1585976
2026720
431947
837
1403338
1403335
1403336
1030843
1155466
1824966
1824959
657619
569050
1511690
1511679
111985
52810
345746
321095
879702
2496865
2724619
2489341
520515
1938330
1096856
1688404
1096868
497151
177060
433684
1577845
862805
255714
320567
396695
59419
2692231
136979
189933
207172
207619
1552746
1892326
28608
307206
1276333
278160
36247
1407404
743458
1302273
2706887
36716
337630
870217
183146
56324
721966
125284
78197
2489102
569173
1987637
390370
178220
1079950
178221
1663741
168377
1365680
262095
322563
35128
1683855
1824962
569016
59308
461995
139675
633886
520046
1511655
115319
92598
1511657
1155470
115289
111995
58197
358814
1633068
37609
285237
879886
392765
204816
986109
879501
427695
670350
88181
460222
2692230
1979295
1925446
1511674
584957
710916
103425
28614
1454011
1445821
1509392
1509390
1509393
1509383
1509394
380533
624226
624239
624256
157056
7291
1445818
1511661
7227
670594
670587
569046
569090
7250
380518
1827030
572248
1231039
879521
390340
1789613
643711
2589872
433685
31033
309541
301270
176185
176187
96884
337704
1496258
1470580
1405661
2588043
2588041
1671163
560714
500269
30044
157293
207222
207223
207125
1068659
183145
245710
108821
571736
345349
367565
1611673
362839
1987649
1987687
626544
879512
85426
274775
309657
679668
722567
1405695
875779
1405660
37319
465097
207233
117496
117203
411522
172420
2559380
879682
1311411
452742
630253
1611624
107794
1454016
1589325
252425
1987721
1812213
666448
559642
309259
219361
1658037
1783244
81723
1072492
115251
81706
560880
2487353
267567
596122
111990
111979
451382
279927
160760
54775
589650
1663734
879701
914117
77594
97517
139649
569137
710968
359459
183364
376836
1309545
1325560
1816462
1073095
1606769
1606768
1606786
1445831
253987
7244
380543
169482
115816
1221322
1221321
40494
36712
380990
2507916
1897774
84785
9135
84782
135452
136977
136973
9188
1885
328935
1748328
1233031
99884
210620
129055
123684
126374
310366
443723
1680839
1365688
203283
72450
412644
2858
503146
1405430
1405431
109039
2006637
1925445
710837
519888
462003
1827310
1291785
1226626
107930
624257
624228
624259
624232
624254
462008
1824963
92607
183395
1511681
1155467
1072489
309068
504593
42062
88882
380517
89887
88883
2032845
1511670
1511692
479977
1220763
303743
1273078
2382263
337732
1405636
129037
126373
239743
1714624
150296
2153194
271503
262098
1243175
1365698
1638160
302536
1532206
571749
1233216
2497756
879473
56723
1827036
1445841
569048
1511669
862788
482916
1312462
238563
390447
1633057
1076517
52093
164007
1190678
1123842
591264
419344
345400
380116
870214
328956
129038
2133768
1231060
123688
2006592
2496616
137882
1365544
689605
1821171
47310
283624
33593
380106
57847
1365708
603581
117201
111993
117199
9187
670349
451428
117185
329967
95650
2072784
175947
161625
30427
1892327
1220766
1311454
249132
320564
1663738
1663735
182988
194917
139687
1987692
1630704
1445827
252428
587044
40505
508554
241776
1633190
241742
381036
46904
54769
37607
37600
372289
36255
589651
40204
54773
1986420
1407777
47145
99883
500393
749487
1695672
1260805
870216
345435
879906
879519
879520
1395005
291362
1231041
641279
64152
219040
1925477
670626
139654
207468
1683854
1630705
1630703
1630702
1630700
1630699
1630698
1630696
115316
1445824
519894
519892
394412
139676
1987657
1987697
712094
1445823
666444
1511654
376835
1411079
1411063
1411061
1411059
1240425
520036
107848
670611
500312
517542
422234
57893
1309546
40371
40368
111986
254442
281771
304640
54386
59412
178885
522520
264150
862792
1312725
392948
578226
566442
337638
303749
2083272
1407768
278766
320406
166741
166768
192376
334879
335548
8787
219039
219038
2006630
1702302
1685028
710848
710924
519889
462007
462015
1605834
1827035
1827047
1825000
1445822
1509385
183362
183353
1155469
624261
624225
624233
624243
624260
559645
30034
188290
107793
2592577
1817602
1226623
1096043
1072488
670616
363758
559651
380536
286471
159817
115261
452744
643709
870229
358437
7222
402710
490725
342412
591983
405948
764675
137881
166732
586809
740695
1365530
274760
274759
278768
1163773
8222
1054643
238063
282288
150468
879890
1843801
286499
624223
624240
624227
286525
292404
292401
292400
292398
2321081
2588042
1671167
1671165
1671162
1824975
226142
1334203
1334217
1072491
1072487
251450
937517
937301
236045
559691
504599
58310
504584
292387
169492
210172
210171
207147
1618314
1445814
207170
92592
7293
223445
62259
129059
206126
300221
303400
646537
175438
691719
492548
315706
293994
152536
454142
40499
290247
334377
622424
113515
34773
433390
293530
9248
2083273
2083271
111997
1633191
207168
1698133
1698129
129065
658176
264149
862801
2083274
1884248
1405662
215382
2153193
270554
998431
8097
252431
569145
8811
591277
591282
591276
303755
862803
223139
129069
126375
2040434
380107
203286
1231921
320617
1348246
308088
255295
282529
1365535
301822
1302783
764832
1003169
1079368
400756
702967
1702305
377535
594030
1629544
1684975
28600
2006606
1591065
9132
125301
30463
2592010
116997
311393
1188153
1663737
303740
264151
303742
303741
43466
351481
303746
8090
1366224
238839
476918
304271
980343
1241936
322683
305505
428036
274770
146921
1163775
1365562
158771
308077
274764
1166950
329955
1591064
380532
2006219
2006613
43412
1979293
559660
1611608
1163529
584958
377519
710857
461999
519891
582794
584942
380531
462000
462009
219037
166299
166298
28623
591973
94937
452081
284583
1581706
79683
603584
675576
426698
365663
129067
320393
476914
40495
274741
1365682
2607931
380118
870222
2583399
1670830
465149
40217
221976
760122
710890
198036
1824979
251457
559652
7230
504560
28631
286511
292405
198635
300223
2652244
1220769
1220761
862794
129112
862789
870553
1365702
86205
519081
483547
40500
203285
192377
433399
192375
274766
2043221
646541
293472
990641
1407767
51904
186239
1168653
980914
380110
6596
293916
308078
86233
1714625
1365537
147208
433379
64148
1379468
586784
329956
147494
30410
8805
2026780
147210
586808
980339
980326
238838
641285
274768
1526734
2666308
86220
433396
214925
203323
200682
1916784
166745
435146
476928
54359
2079793
1535485
710820
2502920
1504846
1690815
380119
73321
9081
1079369
328993
1458866
223152
211859
229059
1154653
313985
398767
1645926
595358
912804
283616
57790
202592
1645938
1663736
1071220
465154
1611627
1611671
219044
175930
129113
129066
666529
211834
428027
1049575
1154655
86224
160386
287379
1695772
1695773
253135
29542
19
338963
1265330
160761
39638
504886
555234
204817
321128
2559264
1993769
1238289
305512
2700102
2700098
2700097
1842532
1778566
472569
497867
643707
297964
239262
435151
546522
67776
67773
932900
156934
1767367
1633458
320385
304288
1530446
579951
68557
2307255
1631491
1977251
2301490
72095
1705918
210441
1450193
380096
368941
2184472
870213
59239
703920
178825
84807
125274
303751
1220768
980417
443724
433407
1843800
43674
471856
765386
643708
1645917
1093923
2024421
432772
1611559
1611560
377423
253133
575791
160070
1566351
1823759
33904
382509
84834
58209
509921
84833
332411
1647163
65739
1266874
1419731
1508112
446432
214916
290627
557345
433394
433391
271501
274783
100952
52273
2100430
2607934
2607932
345454
345440
1645937
1645920
1645918
239296
608687
373811
1630708
114942
1470691
2026324
1695594
29543
338966
458567
2557930
50253
150913
356906
356903
64802
385245
357699
62165
571888
44390
40210
136976
1490860
1109017
313169
106212
203320
238066
175443
1603606
345453
328937
309558
229056
206128
1146973
240914
643728
228254
870226
1778567
236032
2024419
1962825
560902
440284
2588104
115122
2508843
43518
321094
765910
181472
157889
81886
427923
589865
374175
107882
1767391
377424
675436
239722
294769
284424
1611573
511893
298009
762537
1430040
2588113
2588112
2588111
2588109
2588108
2588105
161013
425016
870227
457840
980344
2233869
303753
1231040
107235
84839
125280
2527982
1778563
1778565
1214102
1050009
700442
1796571
619329
156924
1593287
209187
2024420
1342126
1535439
329957
1933319
1933316
469717
1430047
497154
396793
2600177
1621989
1394997
192379
150288
109454
175934
44393
504325
1804742
591140
44394
267979
433632
84835
84849
84850
84812
993346
98117
1537400
1618633
1411937
282286
347485
2056494
1695688
1695689
184449
446433
259725
863834
1916246
447986
1767351
156938
2026318
1657168
1282961
2492008
2024418
2602463
645621
175933
125299
1933321
1645932
255642
1430033
1645945
298004
891
27783
1355922
54317
163822
1197887
173978
417927
997976
12946
867386
867385
1698195
107880
763234
1133241
377425
325466
6087
1689950
494379
210169
154795
663679
2043586
323500
1545235
440308
1962776
380108
200852
1645968
1645965
297941
469688
479980
573213
205123
1220760
1220754
1220753
1231042
164328
443143
1695631
1631412
2138232
1698158
1698089
1631387
2026330
2307242
156918
377421
377420
409185
362312
1336483
1767366
1133184
273141
50388
1009745
1342127
7000
259780
1756865
329011
1933331
1933322
1407794
1430061
1167717
469691
246996
297909
2588107
153779
2358
706587
2597769
215402
380097
107201
107210
98152
67593
1892329
555429
1813879
2093246
2315921
1407349
441339
1929827
156968
2041098
912244
465140
309073
176436
1695811
377396
253132
2152665
1309520
245113
224495
1473548
1336469
417941
2283824
1390662
1342124
241368
107205
1647512
1933318
1645964
1430041
1430027
1430050
1430030
1430049
1430018
205486
1497101
80816
502025
106211
64146
488303
43261
862799
107220
229100
1068640
422055
393317
932484
210175
1050053
1964121
446500
432940
1108856
1695462
1383106
2201843
1695781
110022
254293
1205638
465251
1410141
358574
894
577650
1789614
284407
1342053
2066526
4787
283009
129356
283007
129358
328902
1933314
1645928
1645941
1476827
1430019
469711
255634
1430055
1430073
1430059
1430056
1430043
1430032
1430039
469708
1430044
959
1069642
264462
492020
8128
631220
52
1203471
876
351604
316067
525146
351605
642924
1315298
1276353
90069
127929
547188
1142394
1629387
1239047
2201836
394402
763209
2173057
912338
1170752
245112
1170722
420885
210179
470686
393366
210177
1391862
980902
1738349
7084
156930
253136
259768
259767
210125
237244
2509297
1695458
80988
145464
673786
603597
154017
177437
1542969
413233
316277
56780
77928
328934
1889058
1889053
1889051
297946
1430057
297950
466050
1236707
34924
230439
194657
158768
1695696
1695687
360372
552779
552774
422040
2307250
2173047
1309448
156949
1742412
1296390
767470
106386
377427
377426
377422
1395009
34157
393340
393399
309753
2283802
1769271
1309575
156933
1133185
302532
2712867
2583823
1131947
328972
603585
1933324
1645931
1933325
1767980
57301
323764
451848
286572
50903
445558
163619
163617
1732171
137271
1075431
136868
57303
445506
311526
526958
316406
143503
143555
106582
50897
28816
51759
163623
238237
163812
57866
232557
542832
2052682
4779
112090
159957
703917
218208
259354
441346
1195670
1337864
1188315
2497478
253130
2005049
1309530
1309526
1309527
1309533
1048683
236790
2700104
2021814
1718781
183862
1473140
212440
1343325
175615
932551
1050029
2072531
555425
1309517
378496
224501
156943
1986354
1219933
863804
4790
2231053
2220073
1132302
298006
2024422
1767364
1470772
859962
558243
1572152
879056
568149
1767375
237226
294580
1283312
160791
392499
297893
219380
64541
345439
765911
143453
1560013
1645956
1407788
298041
1933326
1933317
1645955
1645919
469697
1430071
1430020
1430051
1430021
1430042
1430037
1430024
1430034
1430069
2296
119484
335543
2059672
1886372
483424
1145016
368937
345457
377402
1870918
52792
429752
345362
1030157
2608981
2291
56
702114
1277350
1254432
448385
2571100
2571101
1778562
630262
1243790
1611592
196326
1163523
1170726
1170745
409188
224509
259791
1343353
1962819
159814
253128
36762
881495
1929837
1967673
1436140
397865
880074
314005
317254
1365717
1255134
1242017
309636
1397712
376223
1535514
304453
188929
1811331
1007516
28223
651182
186043
2038648
1933332
1645962
469661
255635
239264
1933312
1645950
1645925
1645969
1645958
1407779
656809
469718
469684
1645942
1430026
1430058
1430036
1430031
255633
158765
8150
254530
81907
1331318
899
201089
525897
328903
2711156
1850238
60893
880072
429650
120830
1886312
877507
1450404
1450403
2017685
560960
1641410
299823
446483
1689951
1642029
1343322
889489
259790
62770
1982312
2067741
1397806
107872
2077264
1718744
444978
1109134
1769272
156936
2026323
617473
162120
388413
500395
665143
665142
1366054
54
323759
338889
451842
244518
106584
323800
30882
143496
255639
413427
1767478
107203
107206
127913
30403
656738
1365686
536
350789
172516
217261
114742
1407775
255630
469665
1430029
1430028
1430022
1430054
469705
240156
278770
249134
279440
2307252
1276350
2291882
381110
279966
58666
120427
120215
1874061
68569
745310
1042683
1007515
1689952
881507
210197
210176
1342166
254289
1962808
295700
699803
1704666
433207
156928
156939
156926
1309574
237291
2509299
383479
342721
154011
4770
947919
161493
447217
455488
290397
114291
1933329
1645921
2588008
329003
1873795
380170
542439
57480
1323177
1245847
210512
33051
40681
579138
313168
425015
2570166
2570169
1889057
1889052
328949
1898142
125286
391706
383689
241774
1080068
373837
1548274
1641418
1452977
757037
58572
560896
1698083
1698179
224498
224491
1124835
1548548
2681549
542
264203
120045
627343
1194424
555217
622759
109672
1040945
1408534
1962774
2492183
2492181
1397782
259782
1619758
515277
1525277
496056
1130930
504418
158767
184151
8127
64553
743960
51791
52954
239089
32507
371725
238236
74557
641491
710828
864842
1645927
1645953
1645929
255636
1645973
1645966
1645960
1645923
469687
469667
209941
1430068
469679
2605945
243365
268547
300222
507993
276764
125297
36241
428446
1326880
69132
283636
57780
2735134
2711215
2565556
1914525
1866325
310581
267128
1560345
33050
292913
1355496
300306
138987
2041090
2041089
2041086
1452974
169474
1076541
167318
1365585
249131
1964069
459760
2041091
156971
1457067
1309528
1698090
1925470
1925484
346500
309077
1170727
1170753
245106
245114
409278
1929825
224493
224494
1309532
763199
2303331
890382
143624
40171
163618
163638
8154
143544
335406
1241981
238
2487063
1241982
2724192
2697562
881755
760233
2024798
608722
2283827
1470721
2485033
267156
131577
1640626
75531
75529
1131948
1573758
181435
203316
156170
589704
589701
157739
456827
459349
1229495
1341968
328991
297944
255632
1933315
1933330
1645957
1645944
297948
469692
255641
1645935
1430023
1430053
1430060
239259
255629
1647511
297952
297967
2492837
627344
157072
123685
52396
227613
249133
161014
498257
1202531
227845
160802
1652518
870159
1611640
114945
485283
2590147
1958724
2713332
2713580
525764
2731355
1698071
1170728
309104
1170717
196327
763194
248454
1642031
333336
1642035
1642030
1605816
1414534
1343336
932482
236044
236042
210174
236031
2026326
1551949
1001255
2026335
763231
763218
1929851
1945533
248456
1050031
465361
242619
328936
328952
237258
499535
1358732
1202772
1407790
351497
454638
200855
430716
284408
1397751
1425569
2714932
1108595
83564
571177
1708084
2307253
912328
112269
760239
706528
97004
379402
215356
100194
282284
888845
1645967
1645961
2051644
1645946
1430078
1430077
1430076
1130957
1130908
397260
1123269
1756149
278764
278729
228541
929244
722663
1109132
1435417
932548
406903
198116
210198
1311797
473747
1109131
158748
1929799
1167004
267120
309852
143451
452400
1751600
69253
633545
1276441
310639
1797084
1517551
1515612
1130967
1130939
1130937
1130907
265559
1220767
1328949
150322
64149
2487071
1241978
257034
604022
255638
255640
309752
41
76340
260525
119723
1903492
1491
373818
2041088
13694
2307256
1569314
231015
1384573
209218
508046
595619
2700093
2700092
2575699
34
142466
28727
1980395
500457
94722
204814
63660
489475
200857
1883315
393384
393443
664329
485279
347454
267157
878000
1397799
245095
59837
390303
119694
1246135
1246137
1390395
1933313
1645933
1645934
1645924
255631
1645963
1645954
1476811
209998
298029
1172116
291360
33519
278767
203337
373817
1822351
1290875
489456
1471393
7159
1391654
1509
1408284
36826
536232
441772
441771
441770
413999
229057
1276352
1245850
1925442
1245870
1523415
1219058
1811332
743459
666535
875792
2079478
1335594
349650
274691
557414
332163
234267
1254969
244941
488666
642019
237205
2283826
980918
1104407
3712
498214
2605994
96927
1419480
1419479
633578
77687
1027439
2043558
1921510
2528035
1127760
339787
443703
1189310
1297742
83460
83456
35
33
378806
246197
1278073
1407769
209936
209995
1645949
297957
1933323
1645952
1645940
762525
209959
634069
1390651
29730
47615
336004
279435
317216
346807
1194183
981264
2172611
1247176
2172608
2172607
2172600
1410270
219449
1779230
2479289
1695839
2070539
270591
203332
166734
181404
64147
317248
452071
1534972
1276358
573635
1616735
1264661
13689
1811333
1811330
1811329
424800
2219696
505711
32592
32589
380173
980342
603586
1473587
2231055
259537
159087
445388
413426
430714
488663
488656
2137614
217240
346819
526063
2364872
2133757
208765
2028888
37166
1797082
323993
929245
245123
1592923
1000622
476682
78098
281364
1761922
36723
472388
13249
1357916
117207
317655
1961362
1805947
29760
238231
1124596
13543
554131
2493107
2493109
2493108
926
75379
426114
83451
83450
309655
1645936
469680
469671
762539
373830
2714157
256929
1619731
2172593
2172590
2172598
2172597
2172599
2172591
667732
634066
667731
393322
393385
1170729
224478
393393
1205654
1397805
393474
1028098
2021298
1122517
41134
345455
116176
870218
810504
1920019
2136971
52650
1408283
1408285
941968
758678
515621
498213
1277665
574914
1245854
1763828
526678
622429
98308
1458425
171953
1972068
184914
1334629
83455
1144275
1615859
4081
1167715
1645970
1430080
1430063
1167712
328907
1421153
488664
1718749
2291279
1535442
1535441
323255
323244
323252
323245
323243
323242
293808
293809
542381
526673
1767986
1403662
1569744
2448034
1641419
621229
2025297
184252
2339139
231016
334769
509938
1451303
2876
251532
1298647
1871143
345398
3818
87785
464988
2732487
1889060
1889059
1889056
643722
1572461
115357
2558238
1695830
1410250
478146
262024
79524
1698662
626629
1276348
1161195
1246134
1246136
1276427
179676
4006
897
3726
1001957
1590041
1230799
29159
456320
2213226
43
1294270
1904640
329016
469716
2107302
1903800
593865
526744
259717
502793
560873
114946
375845
1569751
1569746
1452975
373822
310653
210193
236040
236035
2019530
629351
396431
1883326
1511833
1161193
633577
626553
2035526
1407158
2698828
1639348
302768
262101
435224
887132
2528020
1458426
141679
38
243265
665965
1920017
1478975
6604
90936
62818
72641
172109
272633
469696
561447
115871
380164
511895
201912
1698215
1698223
1537450
1223887
2562284
331696
357895
77662
1255133
6973
2231316
92001
1566656
748280
1881998
1542252
1397730
674418
406589
1544429
1397785
943070
2082385
2268087
1860122
1050173
302965
238230
308076
1577906
452413
1245848
1276370
359496
1249914
470682
1775582
1434412
1619277
433226
133963
2172612
2172592
2172610
2172609
1247149
1410165
2571102
2713330
1088894
2713583
1000613
329021
297965
1407786
255637
1645959
1430035
209955
239260
1430046
239245
2605991
345374
2681310
2607933
1885249
798080
3827
6248
300299
2290923
136873
417933
1154603
5849
1898207
485916
48
710836
115641
626550
92585
1641416
451479
696888
58611
95704
1930330
91997
1172381
1405014
1958725
34587
256104
413424
2069605
1503213
627792
1050040
284398
1695501
1804169
465211
878018
1470733
1397736
154015
154010
394766
238699
323254
323250
323249
323247
293518
293512
293513
293811
293807
443774
396775
1238137
248138
285
2674991
80828
427913
2675796
948398
706297
1276329
1246123
1246124
991093
7368
373829
75445
1905062
650633
326144
201769
202044
2172602
2172604
2172603
1689733
1421132
342762
342753
156927
1397709
441341
328897
762528
297954
239267
469685
469683
1645939
1407781
469673
298033
255626
1476816
228248
1487565
2651974
2588535
2718
556053
649841
363952
1163617
296591
1009852
238701
129051
1170265
320399
1154680
8094
941641
488301
1170840
1751046
2698684
1816604
1816615
2233999
1612173
2034323
2034321
2034318
2034317
552514
417558
1569758
1452976
2041109
1634088
1925466
1925456
1925455
1902395
1645971
1645972
328995
351498
200859
1503219
256058
430711
256066
1470718
663678
1434446
1736978
1779097
1572145
1535483
107213
1147085
9685
2527975
147268
717773
2716225
223967
1811277
94132
441620
2200854
2307266
80772
106594
1010633
710829
542498
2732067
682998
311230
63
305783
339807
2203806
1611594
1078474
1245877
633596
1628634
34506
433467
141397
208815
537871
488659
489477
1470787
2507159
1488
991791
863638
272562
489091
251531
6587
251530
80826
1132392
469668
557364
119686
54353
334891
74318
1195849
394221
86027
2082386
2527775
1296669
1079
1561003
1323664
698387
417305
420662
364030
6579
1641179
1276415
1917064
1276364
1276301
1276300
13593
2035527
470946
3917
2041095
2028609
2041097
1987618
1682398
1682396
1682395
1569765
1569741
1569735
560884
1805595
2041111
1953037
1953036
174148
327043
188863
154789
37338
37337
1445625
2708010
2136317
1564105
2675792
762514
469702
1430062
469675
469707
209943
2483570
324755
34284
2053991
60548
1678678
640512
2697032
207745
662548
768543
134536
169430
2202825
80870
225992
225991
1100716
1835747
76731
1469502
1392005
252970
1229205
365046
452385
3641
1383613
563068
1276411
1246127
470221
1239026
1739655
301294
115279
760246
740932
1699479
396796
2511224
904146
201764
2163957
1569774
2529231
393355
1695832
1695728
414
440085
243233
246121
1889055
1889054
175273
80640
314243
1886368
1886347
457871
7955
237154
72517
1276473
72488
2575658
1276360
1245853
299292
339813
1276306
470225
2304347
240498
35884
39947
61358
692519
1049057
2291383
1812187
1812188
1204440
30064
560959
373832
633105
1433346
1433344
115644
2483492
912340
2605998
328899
1407773
1933327
1476843
297980
1645951
469712
469706
1430045
1592434
396798
80866
2739821
1276397
473189
345433
1920013
2307258
1276368
65345
1343501
2505995
2575686
888089
2339109
3656
4113
215358
283639
2202142
2202141
593579
1871146
1871145
31201
85471
2021432
762549
1553613
202093
1342150
877738
1341965
1767270
414928
663644
169427
1123502
2715678
2020412
434010
2599640
80869
47421
569860
2184519
2698682
80868
2021234
2116657
2109913
75105
2015316
2291884
1277661
2211206
2575661
470219
763236
1276308
1246139
760249
1611687
95043
2545679
1593348
3635
29729
9627
136089
174292
1908275
470607
373831
2171937
433449
557178
1410262
2172596
2172589
694196
141401
261046
987964
461119
1491190
1835347
1886314
5059
1480154
283801
2058625
2058624
254246
408
29429
1882918
754502
1842539
925818
1306418
640510
272630
419610
2652706
1245841
798431
130643
280214
236414
1192162
1476812
298031
255624
430709
2602454
215352
1070206
2282864
1873481
345348
62878
470609
2034319
264580
1684986
162379
1606452
1925496
1935911
1812714
2506587
1964448
39946
133901
52664
1245873
111810
1789960
209939
753195
35528
35525
1027435
393349
1170735
460606
1133568
759914
34305
652834
1537441
339804
2211204
510001
162372
2017640
701462
701466
1049056
1848167
103623
2102
2103
865867
272632
880534
52638
8316
2339144
2479303
75913
2483562
113540
312017
115290
28526
349651
388627
430039
303734
587042
508607
1154617
114186
1276347
1769828
201
306263
1129794
469701
179963
1592438
119719
56307
34281
316276
92741
103622
470606
139650
1909206
1987655
559681
2041110
1682400
1569755
1569736
1449960
1661801
3711
1074848
671211
3871
1838086
2715607
228862
192
1476833
1476824
297979
1264640
1430067
469670
634067
627758
1883388
318829
1871148
380104
1980396
1743162
1191081
1276416
339812
1276469
633624
696229
420097
764673
863847
760237
614146
336810
394935
1778675
127578
246892
863705
5067
43179
2576626
278008
2507691
2713331
191772
77740
1365577
3880
236340
1524544
1245843
2485742
1276312
1276305
1245849
633519
204546
470218
505463
459805
350093
1072003
43211
187812
35885
1498856
1498857
62819
394708
72073
394691
96495
80849
292805
1725384
1290267
870440
470614
470629
1566317
1646284
2173045
1606819
1606818
1569743
253984
253982
2021292
1248744
1569732
1447909
295554
206842
1276398
143165
143163
2124
866629
880447
5854
9940
2734720
2036717
2731638
1680609
6869
1202539
561468
561473
1699429
2675795
1645930
469709
209948
1476810
239252
1276422
237104
2026334
162374
1779067
1276341
1276344
202374
1276251
2583382
1740175
2339116
608662
1935892
221724
98813
119706
160734
1068828
1699449
431241
241154
2036743
2036711
749984
65393
1245862
280184
488298
1276232
452387
1276320
569036
1628641
2305748
2597472
1321686
280162
1817620
397162
390420
203290
1358742
694195
1078540
880617
1885068
2675787
1857466
81985
34274
583346
431943
1767259
650600
161229
199911
40503
1611599
1291514
1641182
516884
1308814
2714642
2016131
1735909
670639
420099
1921171
299813
1273216
2603346
2700101
2700109
2700108
425018
224243
3498
294671
1298639
64144
119752
40509
320628
202946
38654
51351
1280
1243787
65348
162378
1331791
2072570
878185
2588006
1592560
1205585
239255
430713
413429
413425
430698
413423
430699
1843798
1987593
441366
1699462
120570
1920004
325452
613101
1155129
7130
3702
633508
633614
280176
1245860
1407384
760236
387777
696896
1321694
13040
2605029
633637
1585357
65347
30076
162373
572325
394696
803
1225179
1202538
28198
9615
52361
1903488
1914471
1295595
1295594
1295593
48483
1648422
184613
1276357
1245852
2060239
206806
280177
1611674
1495081
1952958
1452911
2305083
309557
30640
28197
647221
2675789
111886
1404
180282
1136912
10090
74091
670614
706280
50550
1457030
2028677
560934
1678825
5016
1243784
1243791
1922217
1496
1224745
699037
699035
699036
2584735
1678302
1150886
1878935
72093
72085
72088
72076
51767
72067
72055
105747
72078
72092
72080
1502953
160818
394702
201704
394699
72091
394704
72060
203294
1317007
239248
1725378
1442579
1298646
657309
120566
2675783
2603421
38271
77508
72004
1751591
1751593
1751592
38104
696241
1340798
162376
1239196
1797079
608679
72519
185878
43370
2578115
303
1150601
160488
931281
54757
156996
74089
703918
2691099
309674
1437512
1027436
9598
174720
561478
1695167
1236909
2175001
1885261
1885262
62879
1920025
1277662
162361
30077
1276342
1276331
1276395
1245855
2021948
1935898
2040324
1648417
1569781
1524553
1368275
1774231
206814
236377
1331320
1343522
376739
115611
2609555
981778
1042417
2007245
388100
100192
650377
2675797
374463
186490
74099
100819
1202536
633635
1400074
30195
133107
381198
73824
427966
112262
652056
755178
1451165
1451171
241750
241751
1000608
2602724
473665
470639
1678827
1678837
1945538
870441
1648424
417566
2028587
95721
679334
2497603
181804
9601
2699496
1920191
742013
328900
1987612
2675777
2675788
5778
2829
74381
151514
2013111
1966276
1492239
1187971
630258
1531406
2339130
1276317
929247
1897230
1410383
6432
602226
60593
31354
5518
1296
1264641
297977
1476839
762536
239223
469704
1647510
1096455
367110
720590
1276387
428387
2040421
1797078
1276400
1276307
1930766
397161
2339110
256900
402416
212527
233186
2675790
50273
1962710
3847
1540872
55980
72072
2740746
1302332
206910
569054
86657
1699463
72639
103933
2705178
9657
1215087
1196325
2706870
955
307502
225364
1410384
66084
100901
77551
163164
52365
2008405
1309462
1309470
1309466
1267247
420848
1678809
1560012
359424
1392621
908209
1805598
236457
1410246
447882
1708085
35786
309798
1318466
1416551
6807
553009
5833
36329
41447
2675775
2675772
2675774
2675794
1195612
1041607
43346
468696
247564
1868699
630259
1572464
629354
629350
629353
262324
77931
199909
272848
1407783
2079817
69819
1276439
280166
204553
1628629
1194115
1239017
1239150
1238996
470222
2305749
2588001
1769812
1276383
472377
1239058
295121
1966271
290649
1671684
2054908
2498936
170625
1245839
500301
1445816
115269
1457130
72057
201708
72089
72099
394703
72105
72064
2050941
214487
201710
290523
72066
72082
72079
214485
72071
72069
1502952
72059
1502951
72107
72058
201702
8022
36870
4577
5482
1027429
1230549
2675791
1142511
70186
797793
1276486
696245
381377
1407795
634068
634065
634063
509939
1988010
2675773
2109
1751854
1315211
660027
264201
6183
880536
873191
944547
314353
696282
2014020
473741
173492
288132
283435
320609
305508
2067960
1699465
1699471
191432
100973
1885069
31271
138298
127544
2872
326147
473714
2028618
247606
1678808
747089
1481663
5874
6334
79503
56716
2027405
681111
2732594
1912871
28200
1032071
505249
1032239
1633785
1236908
1779719
1577466
1399598
1276355
2016134
1276343
1239186
72494
476678
162380
2021946
940487
2479899
1618284
123850
2339120
2006610
1276252
573826
387814
9000
114919
1315998
489118
1987617
2675785
2608262
1481175
9823
169774
1615857
301928
433045
387827
2053067
1499354
1245842
453035
2545675
98663
517526
879040
345463
41058
7220
329019
1407774
222789
392300
2591635
206142
305510
116996
6239
859143
6945
626647
165005
312306
1317009
57779
2675784
476281
2675793
102903
189480
174147
309539
1592921
1592922
1678815
13647
469677
608677
80824
2162617
1972134
188009
320629
1844869
861768
199908
518768
1233779
1267001
1403316
50452
1935905
188250
1452970
473721
1678821
420884
441234
2507700
1351858
1678829
1678828
1395074
1678831
1678830
1678832
1678823
1395075
1678838
2019519
153205
912336
1309521
397940
784
670346
1604048
64668
37360
13642
913109
663365
1278212
643561
91352
91022
7119
2557541
889750
316456
1407207
1246129
633610
2545676
2339113
2339107
1343520
608675
195203
1873803
345466
1886343
1886353
1886330
1399603
1594731
1987685
2082987
1276302
626557
1161192
2211205
1276340
1276393
1239011
1245861
633602
470217
1245869
162381
2599951
2591928
1407417
98664
98665
85310
320916
462012
369528
416839
317237
1358741
878090
2291877
1298643
111789
1935204
1032070
888827
109663
1032240
169402
246273
1036172
944546
367737
427741
1142139
1476863
1905488
2713604
2082981
1935914
623687
735
758
1081940
1835721
37247
473727
48829
5823
5821
209952
2675776
2652106
1750983
486065
561474
1096234
1096239
321136
321134
504295
56335
1630712
154799
309096
473674
473705
433454
1975708
1309463
1678813
1678820
1678811
1309469
309095
227553
629355
2483544
390379
1700824
40490
5858
2282395
2305124
508757
65346
1963846
559664
863372
2675779
722560
50351
441644
2676417
88217
428024
1049035
7469
2079547
293692
293694
346610
1934107
44477
1611580
935122
2079645
1276420
1276414
1524498
1276231
1276230
1245851
1246125
257912
1588160
69254
480152
381075
280194
576190
115248
1150359
30461
1359184
334380
357244
1572454
1902785
1054033
1849015
552513
1133968
1703760
139669
2016142
472382
206867
240537
2080469
391735
944
269484
1886311
1885077
380113
469699
58619
278838
52552
1671861
2079859
228249
328943
208452
571430
2304607
187815
1237092
261198
9089
46218
309358
1041932
117523
88149
2880
416830
1736704
1735275
1729945
1729946
2044565
1595980
1581710
416841
416835
88154
416837
416842
88150
255507
1032241
708186
570417
127449
548576
2020088
79302
1842553
1952956
1579844
696283
37342
37341
7192
433472
267434
499828
473690
473757
2602725
355397
1249065
231012
154774
197150
2609587
5851
5127
114398
315902
1476814
38273
139
7463
132113
943347
1346611
1121336
195070
561458
531329
96912
203907
1260225
377548
1611565
470623
2201857
1926546
420841
1611591
1101185
2735554
535289
232721
2509614
358220
221721
2762
1443144
292563
85433
2109914
1202537
63601
30019
1750985
280207
1245863
652802
1796514
613196
162375
2339126
2339100
929243
1445636
1740193
1445837
701464
206823
90893
80365
1116230
1208922
1208921
1208923
8469
1911502
1702301
347696
1331307
627921
472376
1769825
1988007
1988009
586884
55529
199905
576610
179411
325335
9002
278834
278833
445498
1519
205130
194408
27291
2064905
1430064
2079648
329001
328945
1904463
309737
1615856
521007
1699427
1177101
199910
526671
526649
199915
188794
47413
189845
189463
37339
470618
662657
2291255
37248
2019520
1380111
455401
420844
559662
473676
117679
473729
470638
198630
2602730
2602726
1975715
2602733
2602727
27463
95055
1003924
1678816
1678833
1699468
429182
1502
1399601
1399600
410713
1902450
218937
1399605
410710
191433
157826
375764
2184083
1898103
553814
1699447
120858
159
565034
1255232
1255231
2593995
880535
116598
2732593
1335053
870501
1779114
2079899
1769006
65344
2021942
633572
880117
2339117
115322
2065091
127542
1902793
1886374
2302425
1872713
1328311
521009
521008
445985
224326
765133
265498
74468
312850
1778264
199904
1193836
1774252
1331310
1857265
168874
5755
1566825
34467
69196
1899318
1835008
1461100
1766765
1420594
212035
5861
80822
1041166
1428776
667013
87956
387665
58002
1208920
168172
1546149
62928
27965
69
115229
138074
1505597
328979
1430079
1407771
591936
1988001
5516
5826
557993
1987369
37293
236030
866064
1288971
2499904
765713
154793
154796
1842554
455403
1630711
1630710
1380112
473670
473766
2602732
1605814
1000630
310620
327086
573622
470644
1678812
1678834
1678818
1678814
391582
373809
991094
991090
470617
470664
2675780
223497
1711946
877789
2014887
2675781
290434
1398491
29519
115640
416635
1817618
1340797
2024767
36961
2587597
47880
435897
1283291
1294318
1078267
1609546
2200853
1265314
633616
881683
1245840
65343
162377
1410078
929261
462011
1323148
95097
1769813
1774251
369533
279471
3708
2478912
754
1981428
280191
106377
2036725
1581680
359408
583345
228466
1399617
1399610
2528696
146766
223473
916
335283
590727
2511829
133087
1678294
1159930
480564
82265
129210
1267188
93220
329419
1821760
469690
239266
298000
328997
634059
9052
206779
1070130
1767989
2609588
1964418
1495769
1254513
1254509
1254508
2596887
297996
762515
111975
425017
200406
346611
200407
7460
2684443
279977
293688
1987999
1952952
863392
455390
290715
1034394
473758
701493
2008401
1309471
2162618
2675778
2016596
500151
2663211
208798
2499905
1678810
1520325
2339119
645608
2506073
1461110
743721
2893
470647
2080162
360524
2545673
1545076
2479937
397143
2339112
2339146
569020
347260
9597
1526603
798355
1429325
406898
314363
314384
56958
91411
2267264
726
665913
1484157
1333848
44577
1505
10181
33603
87149
3012
49266
457351
1651215
1416605
2653954
2653947
345760
164514
213219
164516
1873784
1699469
115018
8479
1886381
157687
765132
576611
312153
1476873
731
703
228400
205914
2138090
2080254
1915309
328941
1929246
2704516
138043
205073
213688
470622
189851
102900
154787
1329465
1678822
1458192
2024678
2024668
701479
866626
470641
473726
764591
1678824
27967
290721
2499903
1678819
1678817
92536
1384252
34116
305
2885
2700103
2700100
2023057
1265338
359443
633630
1276463
164895
239095
633495
559665
422258
1224020
1254519
1254518
1254516
1254507
91844
1055487
666681
510013
207484
2040326
1407302
1869288
1988004
29518
411555
1398490
1239934
1134687
571
1076547
1481167
345745
84803
9088
9040
3075
299321
218740
3570
163146
1310165
1906741
1031711
859656
33424
1202540
42467
2681307
67827
2490851
61652
1812935
749
2282309
2282310
82987
1703250
79967
53336
644651
634499
1208762
1221052
64459
1294358
51655
293821
103695
712368
1476813
469676
62313
37254
36992
243010
62745
1249066
1699460
328974
8049
1434698
1975712
333337
455396
154797
243009
377551
377553
2137861
248229
1452966
626623
455402
210200
2268840
1399618
1399602
291251
1343
1285576
229908
1885074
202145
964
757424
2019518
948358
931508
1588178
2080150
1776870
1868694
257891
1343508
1343547
469616
188341
109675
670386
2030797
665914
716
1891675
1266925
743972
1698101
1921044
1987680
576637
576638
52288
1987998
2171673
2171936
7178
42434
38569
1711959
1394709
1934937
888057
85404
1432056
1311759
727
545
1032623
725
2488567
729
197575
2173854
511022
154511
5757
1287055
1511820
301969
82928
887061
266009
582744
257400
433444
433445
1857426
859
51161
1823760
1263831
1452967
267456
2480048
863395
326146
455406
267455
494381
297497
290717
319241
267454
210186
154786
420880
1774253
359485
58720
85402
2681309
2071710
550
712310
1920114
671990
734
432167
1262608
1678826
470673
92529
217632
692960
1629379
2021296
2065092
1449935
81572
61853
2079650
2079680
2079681
1979399
1176173
1296388
1603275
500290
77748
39765
868257
1396
3755
2081703
55149
289380
100974
1399596
104163
1902448
584776
1903810
128442
552
2487345
75985
51049
715
718
2093222
228399
1222034
1249526
1249531
754345
732
202947
1366053
1261126
1311760
1316932
696748
665029
716540
537457
434271
416269
860646
561110
2606893
518697
321091
9061
1547491
1899210
549
470934
138073
552810
552811
2754
297991
2080144
236038
679155
243007
1678835
1452986
670712
115680
2602722
107858
1857442
440320
215161
1975714
1975710
2494675
473666
626627
940219
710965
2173055
377579
1273063
461996
1796596
1068643
1343514
608707
280205
137483
1075399
143387
143388
492568
470933
67854
339671
1547490
9071
869250
1796592
1276220
110661
85526
114629
119398
29030
2249918
72674
27687
226102
1070855
2143
2151
1406864
265311
370602
370600
586833
1526442
1285580
1699470
1399609
1399608
44056
2740817
2679994
2479547
563
1288494
334160
4758
37690
997609
2700099
1425522
1756857
1993775
1130808
1233791
1342211
1476837
328933
328975
1678836
1034390
321407
243018
37257
37256
765714
447901
2107372
1630709
473707
310632
310630
310627
327084
310625
310623
310617
574920
310613
670653
169463
154801
473744
473683
1384299
1902997
1537430
1541833
359457
377575
359469
1695890
1050019
2079898
1588158
164856
652801
1603274
3111
945006
720
2479367
712898
76906
997926
253966
64811
337179
9054
9066
930293
1384611
158456
2052837
998193
728
747
115545
1304873
1685812
2005539
911171
999103
154792
470646
1975713
433239
473769
473735
473697
701486
701498
1975711
7004
2008391
1537421
494400
470680
470601
470624
470648
115683
1569770
329005
315708
114890
1279085
1689247
1634151
210262
560900
210225
796241
1898147
1391621
298018
199060
2079685
454559
1873478
1286124
173331
313162
206120
1276257
1370057
354439
1261031
328983
257364
1076528
1340796
1051273
397144
2734835
13738
108840
2108399
29466
1112786
2320140
1850254
2007208
189650
2053932
1570254
2007176
672353
31449
31383
239163
997604
2006982
272556
2007162
1967842
1384582
345728
73320
466550
123988
217483
997820
417829
136797
676789
236787
1603548
999040
439546
999102
738
653940
44283
123812
2093223
2042057
1455592
1805496
508027
2024461
911380
31905
6706
6707
2602731
657636
1309557
107885
1309474
710871
1260855
154791
154798
289472
309642
309619
1397796
1481755
1988012
1124597
156889
542485
747335
997587
172976
448386
2782
675577
158653
999051
439536
2575620
2006943
2006970
77519
1399594
1763806
609295
742174
587055
1311536
81364
48895
59410
1794763
31411
118372
1347085
1400253
999049
31455
313580
158729
189649
2007178
228259
717899
860628
1911071
1548138
217480
998142
999059
28023
1569756
377514
1937395
1937393
1537445
1537463
7252
311477
59760
1109143
2006586
1975716
603647
156953
207482
1050008
359453
247582
359410
309577
444944
1569775
309756
328954
2609569
76857
298026
2080757
2560057
866753
1528098
167977
2575615
1862133
999095
998141
298291
35163
1413812
998121
997505
753916
300230
626227
224668
54380
1836798
35688
31472
1896963
1627868
121068
38327
309363
52550
529818
118375
42024
118369
2575635
2006944
999089
2572395
100975
232000
2600302
1399607
37692
2149
1684989
2511011
642072
2734837
215335
377552
417555
1027877
1935901
1588170
626551
670659
626754
684722
1987626
94943
710842
2079687
2079633
1544353
107929
500295
57873
585455
240152
313173
313161
1982705
396806
998189
344921
1935886
2602728
207463
1680845
1309556
1249059
1249063
1249062
863379
863377
1695541
931507
2545059
1746164
85647
35770
642546
1911070
282109
2079874
298011
253253
1966246
39660
42339
44664
1930768
260104
159591
439541
997573
999045
128534
2575621
536591
2006976
193177
1134036
1685846
253944
150583
66845
313176
1384610
152008
2506492
207919
999076
167976
2007206
1462615
682660
1416594
1742438
2598579
339822
2601575
9055
279426
1569742
991086
1309562
1000606
1606804
1204157
433470
863396
115332
115693
115690
50603
309559
92535
1080981
663663
253121
2173060
1399620
1399606
253137
470634
1257155
1226621
590154
1588350
386696
1767248
1498833
2079858
1471400
2043170
2570188
297992
159753
1550622
1685843
2675782
206115
2576622
206130
651718
697946
2505931
102329
165002
165460
446311
446315
779
2603424
9169
1355374
1080223
663364
42746
35773
755263
289376
1988018
446316
626648
1265331
1935887
710936
931518
1268886
1268774
1268772
208760
6829
1935888
173823
1276485
932539
1397830
608718
643667
2339114
1343502
286459
290412
2173059
1104666
2045360
40302
1470551
2708006
576583
526597
201943
1307443
328910
230569
2021448
154512
685725
1725355
4944
1230564
114109
38269
225145
1940749
181631
944160
1366050
190327
1569750
1569745
630255
1935874
1652095
1050010
2493711
462018
462014
1738633
627761
1526689
466537
1564138
197482
173324
324754
470669
279433
1987703
7370
470677
1309461
1027876
1309458
2479868
1695542
1611678
2494670
1564202
215063
703254
526596
31312
2025431
105205
13262
469902
384669
796250
713928
469903
796220
796219
469901
469905
112273
469904
877500
38275
1003544
1203599
1168287
930806
468822
911357
206894
1925471
1452968
508445
1049990
2136287
1050036
333468
1496328
466784
1260739
559649
176359
1458650
244722
268465
2609548
2675786
881814
100756
345461
9160
1463065
1410377
1001956
51823
663662
710898
1520301
1268887
59509
10266
186805
1416740
376849
376850
376851
376852
376854
376853
376848
1267514
1343310
1163528
183379
207442
1888000
402424
991087
710849
343672
1276382
2712222
2233851
254945
302409
533290
526605
4641
1441938
446317
2066024
123226
576219
2662028
1032238
603050
102973
1417745
1812195
63945
473679
642780
1935895
1925448
207461
207409
207427
991088
176391
176327
107884
210116
608666
710881
763911
153828
52904
1606511
650635
1080993
685723
576990
141377
215173
1276303
166300
2684213
459803
1689796
931498
931497
2487342
2110
347257
1937868
1343432
869554
270894
692976
131678
267118
406899
2584943
309601
2108040
767252
1133226
2304600
573658
2601668
28903
1812709
1925492
1925487
1925449
1606466
183382
1276458
469527
207408
710838
878983
217634
1889885
333443
51660
338881
1034755
462002
221722
1509382
624242
309105
207451
207448
207439
150234
1276515
626608
494392
2682727
603577
243526
267466
2708001
445143
267469
267459
463046
217165
650627
329006
2583407
1935896
710953
2420241
1255295
1160784
1975709
2700106
2700105
1276483
176429
1267246
1397754
48698
294
2609589
77522
1245910
542482
12968
944208
1925548
332648
1172189
2021299
126160
1685832
1685813
1421200
126161
983917
1421551
478820
169500
2268845
421628
309233
187399
1343077
774
360095
35206
1254505
1016987
1592969
490045
687861
1933904
165694
114880
1186051
35795
1423892
461213
1457031
331104
473661
91323
2822
1318617
2137859
1505221
1260897
118103
309687
2096
237580
340433
1444684
91604
257390
1229512
1249650
1249656
1249655
1249654
1249653
1249652
1249651
945
205920
1254511
1254506
1260292
417830
617638
1159204
1159203
1159202
1159201
1159200
1159199
1159198
1159197
29560
710128
710127
595499
1685827
244581
111861
253957
150582
716816
455615
542361
1685822
1189303
1802984
2527995
1444690
1316444
246143
5932
462223
1249552
1620392
2587856
708616
100272
1949062
710727
252514
131038
1074889
549298
1685804
281120
452471
1685806
1685805
145522
114525
1388749
1685814
461214
43925
120807
149696
1490
652764
2604421
