8919
8934
9049
9059
9234
9283
9284
9293
9368
9598
9606
9612
9614
9615
9622
9627
9629
9678
9680
9683
9685
9690
9691
9692
9696
9790
9792
9793
9794
9796
9813
9823
9837
9838
9923
9925
9938
9940
9943
9981
9983
9988
10047
10090
10091
10096
10116
10117
10149
10160
10185
13125
13151
28706
28708
31869
32534
32536
32538
34880
35732
36796
36797
36799
37029
37030
37055
37064
37174
37347
37696
38600
38635
38776
39030
39442
39472
41264
42408
42415
43307
45466
46842
47230
48086
48087
48139
48427
51337
51338
52777
53277
54133
55040
56781
59896
61376
61377
61378
61379
61382
61383
61384
61387
61394
61403
61406
61408
61412
61454
61455
61880
61882
62618
62620
62621
63224
63225
64677
68723
68724
68728
68730
68732
68741
69077
69083
71386
72541
72542
72543
73334
73336
73863
80419
82463
82464
83755
84648
89252
94398
95912
100181
100182
100231
105149
107265
108405
108826
112022
112262
126797
126865
128390
129246
129247
130825
130839
132609
134906
143267
156448
161682
161683
163696
164615
171270
171271
172271
176503
187118
187133
187398
188536
190659
191816
192603
192881
192883
205655
217708
221981
226685
226822
226841
226875
227233
228401
234626
237658
242525
246881
253258
257867
258242
259054
261754
261960
262126
266836
269653
272050
274686
279953
279954
283924
298881
298886
298890
300877
309716
309720
311220
311338
316116
320342
340180
344226
348288
365145
365146
365149
379504
387810
391622
407171
410298
410300
410301
410302
410306
411108
418657
418663
418664
419612
442596
444848
444849
447135
458418
469796
471139
494514
504099
504102
504887
507600
527686
537919
554455
557290
561074
582580
628027
662898
701737
713925
765126
771787
796024
796400
798166
870526
870527
1041413
1078248
1095585
1196305
1196307
1225531
1390221
1394729
1398410
1419108
1542494
1543402
1543403
1567513
1590992
1608482
1620830
1621113
1621114
1621115
1621116
1621117
1621118
1639872
1701144
1701145
1703869
1756611
1758121
1790049
1790054
1860146
1860150
1867112
1914395
1933931
1966380
1972516
2021950
2025911
2162861
2448458
2494276
2604440
2683048
2714991
2739836
2739837
2739838
