37029
713925
61412
61382
9691
32538
32536
1608482
61406
2714991
61383
13125
348288
61394
46842
9692
1590992
61387
37030
300877
255237
75567
9986
235651
9978
9666
272460
36239
36240
9668
77149
226681
93163
226695
365148
226699
1655513
226841
226870
89094
1473562
227737
226875
1473560
1357737
30640
227738
9925
9940
59896
112262
9938
1867112
469796
37174
9923
9943
557290
1137488
34839
1639872
9838
9837
419612
461415
167953
2033315
2033316
69079
56317
42410
1433299
397749
144753
29092
9615
188536
9612
9606
